
10	1004	1004
11	962		962
12	915		915
13	681		681
14	646		646
15	310		310
16	321		321
17	751		746
18	539		539
20	514		514


10	6 1 2 5 4 9 3 10 7 8
1004
11	6 1 2 5 3 4 9 10 11 7 8
962
12	6 1 2 12 5 3 4 9 10 11 7 8
915
13	6 1 2 12 5 8 4 9 3 11 10 7 13
681
14	6 1 2 4 12 5 8 9 3 11 14 10 7 13
646
15	6 1 2 3 12 5 4 8 15 9 10 11 14 7 13
310
16	6 1 2 15 16 12 5 4 8 9 3 10 11 14 7 13
321
17	6 1 2 15 16 3 12 5 4 8 9 7 10 11 14 13 17
746
18	6 1 12 15 16 17 5 2 8 4 9 3 10 11 14 18 7 13
539
19	6 1 12 15 16 5 17 19 2 8 4 9 3 10 11 14 18 7 13
688
20	6 1 12 15 16 5 17 19 20 8 2 4 9 3 10 11 14 18 7 13
514
